Optimal - objective value 10952582.74000000
      4 y(5)                            1                  500000
      5 y(6)                            1                  500000
      8 y(9)                            1                  500000
     12 y(13)                           1                  500000
     20 y(21)                           1                  500000
     22 y(23)                           1                  500000
     23 y(24)                           1                  500000
     24 y(25)                           1                  500000
     36 y(37)                           1                  500000
     40 y(41)                           1                  500000
     42 y(43)                           1                  500000
     51 y(52)                           1                  500000
     92 x(1,41)                         1                       0
    144 x(2,41)                         1                       0
    160 x(3,5)                          1                       0
    231 x(4,24)                         1                       0
    264 x(5,5)                          1                       0
    317 x(6,6)                          1                       0
    376 x(7,13)                         1                       0
    420 x(8,5)                          1                       0
    476 x(9,9)                          1                       0
    525 x(10,6)                         1                       0
    608 x(11,37)                        1                       0
    664 x(12,41)                        1                       0
    688 x(13,13)                        1                       0
    740 x(14,13)                        1                       0
    792 x(15,13)                        1                       0
    844 x(16,13)                        1                       0
    926 x(17,43)                        1                       0
    960 x(18,25)                        1                       0
    996 x(19,9)                         1                       0
   1062 x(20,23)                        1                       0
   1112 x(21,21)                        1                       0
   1148 x(22,5)                         1                       0
   1218 x(23,23)                        1                       0
   1271 x(24,24)                        1                       0
   1324 x(25,25)                        1                       0
   1360 x(26,9)                         1                       0
   1426 x(27,23)                        1                       0
   1460 x(28,5)                         1                       0
   1548 x(29,41)                        1                       0
   1580 x(30,21)                        1                       0
   1634 x(31,23)                        1                       0
   1704 x(32,41)                        1                       0
   1739 x(33,24)                        1                       0
   1808 x(34,41)                        1                       0
   1828 x(35,9)                         1                       0
   1884 x(36,13)                        1                       0
   1960 x(37,37)                        1                       0
   1999 x(38,24)                        1                       0
   2068 x(39,41)                        1                       0
   2084 x(40,5)                         1                       0
   2172 x(41,41)                        1                       0
   2224 x(42,41)                        1                       0
   2278 x(43,43)                        1                       0
   2328 x(44,41)                        1                       0
   2382 x(45,43)                        1                       0
   2434 x(46,43)                        1                       0
   2467 x(47,24)                        1                       0
   2518 x(48,23)                        1                       0
   2571 x(49,24)                        1                       0
   2624 x(50,25)                        1                       0
   2674 x(51,23)                        1                       0
   2755 x(52,52)                        1                       0
